11,7
11,26
11,21
11,14
11,1
11,20
11,2
11,3
9,7
9,4
9,1
9,6
9,2
9,3
8,8
8,11
8,10
631,0
630,5
630,4
630,3
8,9
8,1
8,5
630,2
630,1
8,2
630,0
629,3
629,2
8,3
629,1
629,0
628,7
628,6
628,5
628,4
628,3
628,2
628,1
628,0
627,6
627,5
627,4
627,3
12,2
627,2
12,1
627,1
627,0
626,6
626,5
626,4
626,3
626,2
12,3
626,1
626,0
625,9
625,8
625,7
625,6
625,5
625,4
625,3
625,2
625,1
625,0
624,7
624,6
624,5
624,4
624,3
624,2
624,1
624,0
623,4
623,3
623,2
623,1
623,0
622,4
622,3
622,2
622,1
622,0
621,4
621,3
621,2
621,1
621,0
620,3
620,2
620,1
620,0
619,9
619,8
619,7
619,6
619,5
619,4
619,3
619,2
619,1
619,0
618,3
618,2
618,1
618,0
617,3
617,2
617,1
617,0
616,9
616,8
616,7
616,6
616,5
616,4
616,3
616,2
616,1
616,0
20,3
20,2
20,1
19,3
19,2
19,1
18,1
14,31
14,30
